1	2
10	4
100	0
101	8
102	4
103	3
104	2
105	6
106	7
107	8
108	9
109	1
11	9
110	4
111	3
112	4
113	8
114	4
115	7
116	3
117	7
118	9
119	7
12	0
120	4
121	6
122	6
123	6
124	2
125	8
126	7
127	9
128	0
129	7
13	2
130	1
131	8
132	1
133	5
134	8
135	6
136	3
137	0
138	0
139	2
14	5
140	1
141	1
142	7
143	1
144	4
145	2
146	4
147	2
148	4
149	3
15	6
150	2
151	0
152	2
153	2
154	2
155	2
156	9
157	8
158	3
159	8
16	1
160	5
161	6
162	7
163	1
164	3
165	8
166	0
167	9
168	7
169	5
17	2
170	6
171	9
172	4
173	7
174	8
175	1
176	6
177	1
178	6
179	4
18	5
180	3
181	0
182	0
183	0
184	3
185	3
186	4
187	8
188	9
189	6
19	0
190	9
191	2
192	5
193	1
194	2
195	9
196	5
197	8
198	1
199	8
2	7
20	7
200	8
201	3
202	8
203	2
204	3
205	3
206	9
207	1
208	5
209	9
21	5
210	0
211	6
212	4
213	5
214	1
215	4
216	8
217	8
218	0
219	6
22	4
220	9
221	5
222	1
223	3
224	2
225	8
226	7
227	5
228	5
229	9
23	0
230	6
231	8
232	2
233	1
234	1
235	9
236	7
237	8
238	4
239	6
24	1
240	3
241	4
242	7
243	0
244	2
245	3
246	8
247	3
248	6
249	5
25	2
250	1
251	9
252	3
253	4
254	5
255	6
256	2
257	8
258	7
259	7
26	0
260	2
261	4
262	1
263	1
264	3
265	6
266	8
267	8
268	1
269	1
27	3
270	1
271	3
272	2
273	5
274	5
275	4
276	7
277	0
278	2
279	9
28	3
280	5
281	4
282	2
283	4
284	0
285	1
286	0
287	5
288	8
289	1
29	0
290	2
291	1
292	5
293	1
294	4
295	7
296	0
297	9
298	5
299	1
3	1
30	6
300	7
301	2
302	5
303	0
304	1
305	3
306	2
307	1
308	6
309	0
31	7
310	0
311	7
312	0
313	1
314	0
315	7
316	4
317	9
318	7
319	4
32	5
320	8
321	7
322	1
323	4
324	5
325	1
326	2
327	6
328	0
329	9
33	2
330	3
331	8
332	1
333	2
334	9
335	5
336	1
337	2
338	2
339	8
34	4
340	9
341	1
342	7
343	7
344	6
345	5
346	0
347	7
348	4
349	9
35	3
350	8
351	2
352	4
353	0
354	1
355	5
356	0
357	5
358	1
359	6
36	4
360	4
361	6
362	2
363	2
364	0
365	2
366	9
367	9
368	4
369	8
37	5
370	6
371	7
372	0
373	1
374	1
375	7
376	8
377	7
378	5
379	8
38	0
380	4
381	1
382	4
383	5
384	2
385	7
386	0
387	4
388	8
389	2
39	8
390	3
391	2
392	3
393	2
394	0
395	9
396	0
397	0
398	4
399	0
4	1
40	2
400	6
401	4
402	4
403	8
404	5
405	0
406	6
407	7
408	6
409	8
41	6
410	8
411	3
412	3
413	8
414	4
415	0
416	9
417	0
418	5
419	0
42	9
420	4
421	4
422	8
423	3
424	6
425	3
426	5
427	7
428	2
429	3
43	0
430	4
431	6
432	5
433	7
434	8
435	4
436	8
437	2
438	4
439	7
44	2
440	5
441	1
442	5
443	9
444	3
445	7
446	4
447	0
448	4
449	5
45	9
450	3
451	3
452	6
453	6
454	7
455	5
456	2
457	2
458	1
459	0
46	6
460	4
461	6
462	7
463	0
464	2
465	6
466	9
467	2
468	1
469	4
47	8
470	4
471	3
472	9
473	7
474	1
475	0
476	9
477	9
478	4
479	6
48	2
480	3
481	0
482	8
483	9
484	5
485	5
486	9
487	7
488	1
489	1
49	3
490	1
491	7
492	4
493	6
494	1
495	7
496	5
497	2
498	4
499	6
5	6
50	0
500	5
501	0
502	5
503	1
504	0
505	2
506	5
507	5
508	7
509	2
51	5
510	5
511	8
512	3
513	7
514	1
515	4
516	4
517	9
518	5
519	3
52	6
520	4
521	1
522	7
523	1
524	2
525	5
526	7
527	7
528	6
529	1
53	2
530	2
531	4
532	8
533	4
534	8
535	6
536	6
537	7
538	4
539	8
54	9
540	1
541	6
542	3
543	7
544	3
545	5
546	3
547	9
548	4
549	7
55	0
550	3
551	4
552	1
553	1
554	1
555	6
556	5
557	9
558	0
559	4
56	5
560	1
561	7
562	9
563	7
564	6
565	1
566	3
567	4
568	5
569	2
57	5
570	6
571	8
572	6
573	7
574	6
575	6
576	5
577	7
578	4
579	9
58	8
580	8
581	3
582	7
583	5
584	1
585	2
586	6
587	2
588	0
589	7
59	9
590	9
591	3
592	8
593	9
594	5
595	6
596	4
597	1
598	5
599	1
6	0
60	7
600	7
601	3
602	0
603	9
604	8
605	0
606	2
607	7
608	3
609	3
61	2
610	8
611	2
612	4
613	6
614	4
615	1
616	5
617	2
618	1
619	6
62	6
620	1
621	3
622	5
623	5
624	9
625	6
626	3
627	1
628	8
629	5
63	5
630	1
631	8
632	7
633	8
634	4
635	7
636	4
637	1
638	7
639	9
64	6
640	5
641	9
642	5
643	7
644	6
645	7
646	0
647	2
648	4
649	2
65	0
650	9
651	5
652	9
653	3
654	1
655	4
656	6
657	9
658	5
659	0
66	3
660	6
661	9
662	5
663	0
664	3
665	3
666	4
667	6
668	5
669	2
67	9
670	4
671	1
672	6
673	7
674	1
675	6
676	9
677	9
678	9
679	5
68	5
680	5
681	7
682	6
683	7
684	1
685	8
686	2
687	7
688	7
689	9
69	6
690	9
691	1
692	8
693	0
694	7
695	9
696	5
697	4
698	4
699	0
7	9
70	7
700	4
701	3
702	6
703	5
704	6
705	7
706	4
707	0
708	4
709	9
71	4
710	0
711	6
712	6
713	4
714	7
715	5
716	7
717	5
718	3
719	1
72	5
720	9
721	5
722	3
723	0
724	7
725	1
726	1
727	0
728	5
729	7
73	0
730	4
731	9
732	3
733	3
734	7
735	4
736	8
737	3
738	6
739	2
74	4
740	4
741	7
742	5
743	8
744	1
745	4
746	5
747	2
748	7
749	8
75	5
750	9
751	8
752	5
753	9
754	6
755	1
756	6
757	6
758	2
759	9
76	2
760	3
761	8
762	0
763	9
764	9
765	5
766	8
767	2
768	4
769	4
77	2
770	6
771	9
772	6
773	9
774	9
775	0
776	4
777	9
778	3
779	5
78	2
780	2
781	7
782	4
783	0
784	0
785	9
786	4
787	2
788	7
789	4
79	4
790	9
791	3
792	9
793	3
794	8
795	8
796	3
797	7
798	2
799	6
8	6
80	6
800	1
801	2
802	2
803	8
804	0
805	4
806	2
807	8
808	9
809	8
81	7
810	4
811	7
812	5
813	4
814	3
815	2
816	6
817	1
818	4
819	8
82	1
820	1
821	8
822	8
823	6
824	1
825	9
826	4
827	5
828	3
829	9
83	3
830	7
831	4
832	5
833	1
834	0
835	9
836	9
837	2
838	0
839	2
84	0
840	9
841	3
842	7
843	9
844	8
845	8
846	8
847	4
848	4
849	8
85	4
850	7
851	6
852	9
853	6
854	5
855	4
856	0
857	5
858	9
859	0
86	8
860	5
861	4
862	3
863	9
864	4
865	1
866	5
867	1
868	3
869	9
87	1
870	4
871	3
872	5
873	0
874	3
875	5
876	5
877	2
878	6
879	1
88	3
880	2
881	9
882	3
883	8
884	3
885	7
886	3
887	1
888	8
889	4
89	7
890	8
891	2
892	0
893	5
894	8
895	7
896	7
897	5
898	1
899	2
9	0
90	4
900	2
901	5
902	5
903	0
904	2
905	6
906	0
907	2
908	3
909	5
91	8
910	7
911	4
912	2
913	1
914	1
915	4
916	4
917	1
918	5
919	3
92	9
920	1
921	8
922	4
923	6
924	6
925	1
926	7
927	5
928	5
929	5
93	7
930	8
931	8
932	1
933	0
934	2
935	9
936	1
937	0
938	2
939	9
94	0
940	3
941	3
942	0
943	4
944	6
945	7
946	7
95	1
96	7
97	6
98	4
99	0
